750
1
28
871 872
372 375
171 172
80 82
470 475
114 115
808 810
990 991
751 753
413 415
198 199
173 175
818 824
483
154
698 701
134 137
662 665
607 608
512 513
452 454
697 699
956 957
403 405
49 51
816 817
99 101
458 461
481 482
788 789
982 985
740 744
993 995
145
834 835
270 273
723
627
66 67
256 257
283
732
504
166
434 437
5
105 108
947 952
350 355
657 660
90
525 528
847 856
259 263
36 37
254
728
815
131 133
564 566
825 828
500
118 119
9
509
557
799
453
617 619
260
891 892
620 622
664 666
6 8
510 511
11
298
216
476 478
59 64
231 234
161 162
977 979
735 737
407 408
297 304
385 388
71 72
861 866
91 93
401 402
313
218 221
795 796
543 544
629
109
820
864
997
289 290
894 897
501 503
584
684 685
102 104
337 338
436
973 974
96 97
457
414 417
180 182
837 840
969
368 371
718
521 522
339 341
262 264
200 204
716 717
800 801
73
633 634
43
424 427
103
286
78
442
153 156
343 344
980 981
381
848
92
688
714 715
455 459
579 580
859
393
20 26
581 582
517 518
294
904 909
46 47
797 798
759 760
214 215
857 858
224 227
484 487
300
572 573
901 903
194
467
911 915
651 653
60
197
873 876
367
932 934
923
494 495
583 585
899
111
630 632
532
499
609 612
384 386
251
813 814
144 146
677
838 841
929 930
147 150
536
309
644
106
793 794
964
605
433
41
635 636
936
94 95
285 288
889
120
638
937 940
163 165
10 12
421
116 117
812
729
984 988
311
243 246
450
81
725
373 376
409 410
359 363
125
951
742
406
210
508
574
807
14
138 143
387
332
778
879 881
545 547
870
663
907
347
893
40 44
168 169
45
61 65
941 943
655
247
255
695 696
671
776
315
469 474
628 631
438 443
281
335 336
659 661
752 758
155 157
846 853
553 558
244 248
423
756
562 563
958 960
961 965
306 310
703 705
675 676
57 58
38
183 185
805 806
656
213
546
149
645
569
710 711
178
279
704
174
121
52 53
668 670
910 912
266 269
241
678
747
85 88
472
302
505
63
829
878
89
852
126 128
832 833
390 392
391
924
196
307 318
624 625
277
361
770 773
451
745
480
896
19
446
490 492
650
762 763
555
22
775
441
325
464 465
466 471
228
87
561
70
275
533
334
356
933
305
76 79
17
189
724
887
559
477
330 331
394 395
884 885
527 529
568 571
926
754
601 603
179
191 195
898 902
267
692
324 327
765 769
610
291 295
3
576
62
0 2
996 999
567
596
416
700 709
975
31 32
151 152
606
13
905
463
727
613
719
440
7
963
4
314
34
577 578
604
113
287
15 18
811
720 721
209
777
223 226
272
637 643
316
736
301
488
942
541
962
648
292
268
516
265
271 280
784
460
35
382 383
530
123 124
129 130
548 552
496 498
916 918
994
27 30
303
379
679
862 868
550
358
365 366
749 750
900
211
925
98
140
673 674
136
639
74
100
919 927
594
830
502
623
397
950
908
595 598
48
906
219
955
428 432
935
23
779
772
225
967 968
880
922
177
792
238 242
319
258
167
520
867
767
586 587
400
229
493
826
24
761
352
726 731
768
523 524
497
230
159
370
404
235
519
232
377
774 781
83
860
21
203
686 689
672
730
181
333
430
507
345 353
913
320
882 883
681 683
148
245
364
473
360
411
192
299
422 426
972
329
599 600
202
252 253
855
25
602
220
540
346
592
249 250
931
348
439
874
669
865
654
549
431
712
188 190
534 535
485
803
312
296
479
50
447 449
462
949 953
176
614
978
722
328
802
831
539
589 590
821
921
809
351
158 160
468
616
75
615 618
54 55
986
970
575
378
667
733
362
142
822
746
170
486
369
201
785
412
236 237
987
621
693
849
687
326
886
708
239
389
531
649
29
208
551
398 399
680
588
646
205
827
771
560
554
706
836
222
514
869
16
787
127
217
187
491
976
690
945 946
971
349
321 322
597
284
340
739
920 928
139
702
888
141
233
380
444 445
755
184
515
959
526
939
954
611
741
845
435
418 419
707
77
570
193
374
425
342
39
135
323
743
354
68 69
917
591
895
240
112
132
276
42
804
992
641
110
293
489
938
456
282
261
738
537 542
863
538
640
877
850
652
890
966
843
851
786
839
790
842
682
396
658
691
317
875
164
626
757
186
33
56
593
107
212
206 207
844
823
948
122
274
420
944
278
764
713
308
357
429
506
448
914
556
989
565
734
642
647
782 783
694
854
748
766
84 86
780
791
819
983
998
